testRngField
Expected :       3.1462643699419726
Mean     :       3.1356991725764174
Var      :       0.0199207133569222
testRngBlock
Expected :      64.0000000000000000
Mean     :      63.3247641547295856
Var      :       5.9943829367853017
testGaussianRngProb
Expected:       0.6826894921370000
Find-out:       0.6824254989624023
Find-out:       0.6831531524658203
testRngApi
