testRngField
Expected :       3.1462643699419726
Mean     :       3.1729322051635100
Var      :       0.0200731477590631
testRngNewtypeField
Expected :       3.1462643699419726
Mean     :       3.1473113740773688
Var      :       0.0197559573802585
testRngBlock
Expected :      64.0000000000000000
Mean     :      54.3859808879707671
Var      :       4.7522625993111260
testRngNewtypeBlock
Expected :      64.0000000000000000
Mean     :      66.8002398593668971
Var      :       5.9180233755172393
testGaussianRngProb
Expected:       0.6826894921370000
Find-out:       0.6824254989624023
Find-out:       0.6831531524658203
testRngApi
